1011101110111011101110111010101000000100000000000000000100000000000100010010001000110011010001001011100100001001
1111111011010110101111011110101010100101010100010010100000101000100100000001000100010001010001010100000000101
1000100101010101010000101010000101000000101010001010100010101000000010101010100010101010101010001010101010101010101010101010101000000101010101011
10110001010101000000001010101010000001010101010000010010101010001000101010101010101010101010100000101010101101010101101011010101010101011
110101010101010000001010101010000000101010100000001010101010000010101010101000101010101000100101010101001
110101010101000000101010101010000010101010101010101010101010101010101010101010101010101010101010101000000101010101011
1001010101010110101010101010000001010101010100101010101010100000101010101000000010101010000010101010101000101010101010000101010101011
11010101010000101010101010000001010101010000001010101010000000101010101000001010101010100010101010101010101010101010000101010101011
10000001010101010000001010101010000000101010101000001010101010100010101010101000101010101010000101010101011
1001010101010100101010101010101000000101010101000000010101010100000001010101010001010101010101010001010101010010101010101011
1001010101010101010000001010101000000001010101010000000101010101000001010101010001010101010101000101010101000010101010101011
11010101010101001000101010101010000000010101010100001010101010101000101010101010000101010101010001000101010101000101010101000000101010101011
1011101110111011101110111010101000000100000000000000000100000000000100010010001000110011010001001011100100001001
1101010101010100001010101010101000000101010100000000010101010100000010101010100000010101010101010001010101010100001010101011
100100010101010101000010101010101000001010101000000000101010101000001010101010100000101010101000101010101010000001010101011
110101010101010000101010101010000000010101010100000010101010101000010101010101000000101010101010001010101010101010001010101010010101010101011
11010101010100100010101010100000001010101000000101010101010100000101010101010001010101010101010101010101000101010101010100101010101010100101010101010101001
11010101010100000000101010101010010101010101010000001010101000000001010101010100010101010101010001001010101011
1101010101010100101010101010101010000101010101010000001010101010010000000101010101000000101010101010000010101010101010101010101010000101010101011
110101010000101010101010100010000101010101000010101010100010000010101010000000001010101010101010101010101010101010101001
1101010101010100101010101010101000000010101000000001010101010000000101010101000000010101010101010101010101010100000101010101101010101001101011010101010101011000100010101010000001010101010100000001010101010000000101010101010000010101010101010101010101010010001010101011
1001010101010100010010001010101000000101010101010000000101010100000000101010101010001010101010101010001010101011
1001000101010101000010001010101010000010101010101000000101010101010001010101010101010101010101010000101
1011101110111011101110111010101000000100000000000000000100000000000100010010001000110011010001001011100100001001
1110101001010101000100001001010101010000100010101010101000101010101000000101010101010101010101010101010101010101010001101010101
11010101010101001010101010101010000001010101010000000101010101000000010101010100000101010101010100010101010100000010101011011
110101010101011010101010101010000000101010101000000101010101000100000101010101000001010101010101000101010101000000101010101011
11010101010101010000001010101010001000101010101010100001010101010100000101010101010100010101010100000010101011011
11010101010101001010101010101010100010101010100010001010101010101000101010101000000010101010101010101010101010000001010101011
1101010101011010101010101001000100101010100000000101010101010100010101010101000000101010101010100010101010101010100101010101011
110101010100101010100101010101010101000100101010100000001010101010000000010101010100000000101010101010100000101010101001
1101010101010010101010101010100001010101010101010001010101010101000010101010101000101010101010100000010101010101010001010101010000000101010101011010101010101011
10000101010101010001001010101010100010101010101010001010101010101001000101010100010001010101010000101010101011011
110101010101010100101010101010101000010101010101000000101010101010100001010101010101000101010101010101010101010101000010101010101011
110101010101010010101010101010000000101010101000000101001010101000000010101010100000010101010101000101010101010100010101010101011
1011101110111011101110111010101000000100000000000000000100000000000100010010001000110011010001001011100100001001
10101010001001010101010000101010101010100000000101010101010000010101010101010101010101010101010101010101001
1101000101010101000000101010101000000000101010101000000010101010101000101010101010100010101010101001
110101010101010000100010101010000000001010101010100010010101010101000101010101010101000101010101010000101010101011
1101010101010101101010101010101000000101010101010000000101010101010000010101010101010001010101010101010101010101010000101
11010101010101010100001000101010100000000010101010101000101010101010100000101010101010101010101010100000010101010111
11010101010001001010101010101010100001010101010100000000010101010101000001010101010100010101010101010101010101010100001010101011011
11010101010101101010101010101010100001010101010001000000101010101010000010101010101000001010101010101010001010101010010101010101011
110101010101010000001010101010100000101010101010101000101010101010100010101010101010001010101010101001
110100010101010100000001010101010100010101010101010100001010101010101000101010101010100010101010101001
11010101010101000000001010101010101010001010101010101000101010101010101010101010101010101010101010100001010101010101011
1101010101010101000000101010101010000000001010101010000001010101010101000101010101010101010001010101011
1011101110111011101110111010101000000100000000000000000100000000000100010010001000110011010001001011100100001001
1111101001010101000000100010101010101000000101010101010000000101010101010000010101010101010010101010101011
110101010101010010101010101010100000010101010101000000010101010101000001010101010101000001010101010101010001010101010001101010101011
1010100101010101010101001000101010101010000001010101010101000000010101010101000001001010101010101000101010101010101000101010101011
101101010101010101000000101010101010100001010101010101000000001010010101010000010101010101010101010101010101000000101010101011
1101010101010101001010101010101010100000101010101000000000010101010101000000101010101010100000101010101010101010101010101000010101010101011
1101010101010101000000101010101000000000101010101010000000101010101010101010101010101010000001010101010010110101
10101001000101010101010000000010101010101000000101010101010101000001010101010101000101010101010101010001010101010000101010101101011
100101010101010101010100001010101010101010000000101010101000100000101010101010101010101010101010000001010101011
110101010101010010101010101010101000010101010101010100000010101010101010000010101010101000001010101010101010101010101010100101
110101010101010101010000001010101010100000010101010101010101000101010101010101000101010101010101010101010101010000001010101011
110101010101010100001010010101010100000001010101010101000000010101010101010101010101010101000010101010101001
1011101110111011101110111010101000000100000000000000000100000000000100010010001000110011010001001011100100001001
11110101010101010101000100010101010100010000010101010101010100010101010100001010101010011011
11010101010101010110101010101010100000000101010101010000010101010101010000000010101010101010100010101010101010000001010101011
1101010101010100000010101010101010100000001010101010000100010101010101010000000010101010101000001010101010101010100010101010101001010101010101011
10000101010101010100000000101010101010000000010101010101010000010010101010100001010010101010101010100010101010101010000001010101011
1101010101010101010000010101010100000000010101010100000000101010101010101010001010101010101000010101010101011
1101010101010101011010101010101010100000001010101010100000001010101010101000101010101010101001010101010101010000000101010101010010101
11010101010101010100000010101010101010100010001010101010000000001010101010101010101010101010101000010101010101011
110101010101001010000001010101010101010000101010101010101000000101010101010100000010101010101000100010101010101010101010101010101011
110101010101010000001010101010100000010101010101010101101001010101010100010001010101010101010101010101010100000010101010101011
110001010101010100000010101010101010100000001010101010100010001010101010101010101010101010101000010101010101011
1101010101010101010000101010101010101000000001010101010101000000101010101010101010101010101010101000010101010101011
1011101110111011101110111010101000000100000000000000000100000000000100010010001000110011010001001011100100001001
1001000001010101010100000000101010101010101000101010101010101000001010101010101010001010101010101001
11010101010101010000101010101010101010101010101010101010101010101010101010101010101010101010100001010101010101011
110101010101010100000010101010101010000010101010101010100000101010101010101000101010101010100001010101011
110101010101010100000010101010101000100000101010101010000001010101010101010101000101010101010100001010100101011
11010101010101101010101010101010100000010101010101000000000101010101010000000101010101010100010101010101010100001010010101011
11010101010100101101010101010101010100000010101010101000000010101010101010000001010101010100010001010101010101000101010101010101001
1011010101010101010100000000101010101010000100010101010101000000010101010101000000010101010101010101010101010101000010101010101011
110101010101010100000001010101010100000001010101010100010100101010101010101000101010101010100001010101010101011
1101010101010100101010101010101010100000101010101010100000001010101010101000000010101010101010001010101010101010100001010101010101011
11010101010101010101101010101010101010000001010010101010000000001010101010100000001010101010101010101010101010101010000101010101011
1011101110111011101110111010101000000100000000000000000100000000000100010010001000110011010001001011100100001001
11110101010101010000010101010101010101010101010101010100001010101010101010101101010101010101010100000010101010101010000001010101010101010001000010101010101010001000101010101010101010000101010101011
1001010101001010101010100000010101010101010000000000101010101000000010101010101010101010101010101010101010000010010101011
110101010101010101000000101010101010100000001010101010101000000000101010101010101010101010101010101000000101010011011
11010101010101010101001010101010101010101010001010101010101010100010101010101010101000101010101010101101010101
110101010101010101000000001010101010101000000000010101010100010000001010101010101010101010101010101010100000010101010101011
11010101010101010010101010101010101010000000101010101010101000001010101010101000000010101010101010101010101010101010101011
11010101010100000000000010101010101010000101010101010101010100010101010101010101010101010101010101000001001010111
1101010101010101000010001010010101010101010000010101010101010100000101010101010101010001010101010101011
110101010101010101000000101010101010101000000010101010101010101000101010101010101010001010101010101010100001010101001101011
100101010101010101000000100010101010101010000101001010101010101010000000101010101010101000000010101010101011
11010101010101000110101010101010101010000000101010101010100010000001010101010100000001011
1011101110111011101110111010101000000100000000000000000100000000000100010010001000110011010001001011100100001001
1010100010001010101010101010101010001010101010000000010101010101010101000000000001010101010101000000010101010101010000000000101010101010000000001010101010101010001010101010101000000001010101010101010000000000001010101010101010000010101010101000100010001010101010101000000010101010101010101010101010101010101010000001010101010101010000000010010101010101010100000101010101010101000000000101010101010101000000010101010101010101010101010101010101010000000010100101010101000000000000010101010101000000000101010101010101000101010101010101010100000101010101010101010101010101010101010100000000101010101010100010000000010101001010101010000000101010101010101000000000010101010101010000000101010101010101010001010101010101010101000010101010101010101010110101010101010101000000001010101010101000100000000101010101010000001000001010101010101000000010101010101010101011
10110001010010101010101010100100010100101010101010100000010101010101010100000001010101010101011
1010100000000001010101010100010000001010101010101010101001010010101010101010101010101010101010101000000101
1011010101010101010101010100000101010101010101010000010101010101010101010100010101010101011
1011101110111011101110111010101000000100000000000000000100000000000100010010001000110011010001001011100100001001
1101010101010101010100000001010101010101000100010101010101010101000000010101010101010101010001010101010101001
110101010101010000001010101010101010101000001000101010101010100000000010101010101010000000001010101010101010100000101010101010101011
11010101010101010100000000101010101010101010000000000101010101010100000001010101010101010000000001010101010101010101000001010101010101011
1101010101010101010101000000001010101010101010100000000010101010101010001000000010101010101010001000101010101010101010000100010101010101010101010000101010101010101010100010000000101010101010010000000001010101010101000000000100010101010101010101000001010101010101010100101010101010101010100101000000000010101010101010001000000010101010101010000000000001010101010101010100010001010101010101010100001010101010101010101001
10010101010101010101010100000001010101010101010000000101010101010101010000000101010101010101010000000101010101010101011010101010101010101000100001010100010101010101000000001010101010101010100000000010101010101010100000000010101010101010101000000101010101010101011
1101010101010101010100010000000010101010101010001000000001010101010101010000000001010101010101010101010101010101010101000000101010101010101010100000010001010101010101010000000100101010101010000000000000010101010101010000000001010101010101010100010101010101010101011
11010101010101001010101001010101010101010101000000001010101010101010100000000000101010101010101000001010101010101111
1011101110111011101110111010101000000100000000000000000100000000000100010010001000110011010001001011100100001001
1101010101010101010100000000001010101010101010100000000101010101010101010101010101010101010101010101010101010101010101011
110101010101010100010001101010101010101010100000001010101010101010101010101010101010101010101010000001010101011011
100101010101010101010100000000101010101010101010000000101010101010101010100000001010101010101010101010101010101010101011
11010101010101010101011010000010101010101010000000000001010101010101000000001000001010101010100000001010101010101010100000010101010101010100010010001010101010101010000000010001010101010101010000000000101010101010101000000000101010101010101010100010001010101010101011
10010001010101010101000000001010101010101010101000000001010101010101010000000101010101010101010000001010101010101011
10010001010101010101010101010000010101010101010101010101010101010101010101010101010101010101010101010111010101010101010101010100000001010101010101010101000010101
1101010101010101000100010101010101010101000000001010101010101010101010101010101010101010101010100000101010101010101010000000001010101010101010101000101010101010101010100011
110101010101010101000000101010101010101010100000000001010101010101010101010000000010101010101010101010101010101010101010101010000001010101010101010101010000000001010101010101010101010101010101010101010101000000000001010101010101010101010000000010101010101010101111111
1011101110111011101110111010101000000100000000000000000100000000000100010010001000110011010001001011100100001001
1101010101010000001000100010101010101010101000001010101010101010101000000000101010101010101010000000000101001010101010100101001
10000101010101010101010100000101010101010101010101010101010101010101010101010101010101010101010101010101011
100101010100101010101010010000000000001010101010101010001000000000010101010101010101010100000001010101010101010101000000100010100101011101010101001
110101010100101010101010001000000000010101010101010100000000000101010101010101010101010101010101010101010101000000001
100101010101010101010100100000000010101010101010101010100000010001010101010101010101000000000000010101010101010101010000000000101001010101011
1101010101010101010101000000000010001010101010101010000000000101010101010101010101010101010101010101010101010101010000000010101010101010101010100000001010101010101010101000000001010101010101010101011
1101010101010101010001000000001010101010101010101000000000001010101010101010101010000000101010101010101010101010100000010101010101011
110101010101010101010100000010001010101010101010100000000000000100101010101010101010100010001010101010101010101011
110101010101010101010101000000010101010101010101010101010000000000010101010101010101010100000000010101010101010101010100011
110101010101010101000000000000101010101010101010101010000000001010101010101010101010101000000000101010101010101010101000000001010100010101011
1011101110111011101110111010101000000100000000000000000100000000000100010010001000110011010001001011100100001001
11010101010101010101010101010101010101010101010101010101010100010101010101010101010101010101010101010101010101010101000101101010101010101010101010101000000000001000101010101010101010000000000000001010101010101010101010000000001010101010101010101000000001010101010101010101010101000000000010001010101010101010100000000000001010101010101010101010100000001010101010101010101010101010000000010101010101010101010101000000000010101010101010101010100000000100010101010101010100101010101000010001010101010101010101010001000000001000100101010101010101010000000000101010101010101010101010000000000010101010101010101010101000000000001010101010101010101010101000000010010100101001010101011
10000001010101010101010101010100000000001000101001010101010101010000000000000001010101010101010101010101000100000010100101010101001011
101100000000010101010101010101010100000000000000101010101010101010100010001000000010001010101010101010101010101000000001010101010101010011
100101001000010001010101010101010101010101000000001000101010101010101010101000100000001010101010101010101010101000100001010101010101
11010001010101010101010101000000000000000010101010101010101010100000000000101010101010101010101010000101010101010101010101010101010100001010000010101010101010101010000000000000101010101010101010101010101010101010101010101010101010101000000101010101010010101010101010101011
1011101110111011101110111010101000000100000000000000000100000000000100010010001000110011010001001011100100001001
1101010101010101010101010100100000000000010101010101010101010100010001000000010101010101010101010101010101011
100000000000000101010101010101010101010000000001010101010101010101010101010101000101010101010101010101010101011
1101010101010101010101010101010101010000000000010101010101010101010101010001000100010101010101010101010101010001000010101010101010101100101010101011
100101010001010101010101010101010000000000000000100010101010101010101010101010001010101010101010101010101011
1101010101010101010101010000000000000000100101010101010101010101010100000000010101010101010101010101010101010100010100010100101010101010101000000000000000010010101010101010101010101010101010001010101010101010101010101010101010101010101010101101011011011111111
11101111110101011110101011010101010101010101010101010110101111011011111011110101101010101011110111101010101011010101111011110101111010110101011010101101011011010101101010101010101010101010101111011011110111111111111110111111111110111111011110101101010110101111010111101011110111101011110101111011110101011010111101010101010101010101011010111101111111
1111111101111011111101111110111101011010101010101101010101011110101101010101011110101010101101010101010101010101010101010101011011011111111111111111101111010111101111110110110101010101101010110101111010111101011110101101011010101111010110101011010101010101010101010110101111111011111111111
1011101110111011101110111010101000000100000000000000000100000000000100010010001000110011010001001011100100001001
11110101011111101111010110101011010111101011110101111010110101011110111101010101011010101010101010101010101010110101011111
1111111101111111111111101111011111101111010111101011110101111010111101011010111101011010101011010110101010101010101010101010101010101101011111110111111111111111111011111101111110111101011110101111011011110111101010101011110101010101101010110101010101010101010101010101010101101011110111111011101111010110101111010111101010101010101010101010101010101010101010101010101010101010101010101010101010101011110111111
1111111101111111011110110111101101111010110101010101010101010101010101010101010110101011110111111
11111110111101011010101111010101010101010110101011010111101011010101101011010101010101111010101010101010101010101011110111111
111111110111111111111111111011011010101101011010101111010110101011010101101010101010101010101010101010101010101010101010101111010111101111110111101011110101101010110101010101011010110101011110101101010110101111010111101010101011110101010101101010101010101101111011111101111110111101011110101111010110101011010101010101010111101011110101010101010101010110101011110101010101010101101010101010101011111111111
1111111011111101111010111111011110101010101101010111101101101011111101111010111101011110101111010101010101010101010101010101011110110111101111111
1111111011110101111010111111011110101010101111011011010110110101111010101010111101011010101101010101010101010101010101010110101111
1011101110111011101110111010101000000100000000000000000100000000000100010010001000110011010001001011100100001001
110111101011010101011110111101010111101111011010111101111011011010101111011011010101010101010101010111101101101
110111101111010111111011110101010101111011100101011110111101010111101111010110101010110101101010101010101010101010101011110111111101111111
111111101111010111101011110110111101011110101111011111101111110111101011110101111010110101011110110101010101010101010101011110111111
111111101111011011110101111010110101011110110110101111110111101011110101011010111101010110101010101010101010101010101010111111111111110111111101111011011110101101011011110101101010101010110101101101010110101101010101010110101010101010101010101010101010101011010101111011111110111111101111010101101101111111011110101101010111101011110101111010110101101010101101010110101010101010101010101010101010101101011111110111111101111
11101111110111101011111110111101010101011010101111010111101101101010110101010101011010101101010110101010101010101010101011010111111101111011
111111101101111110111101101101010111101011010101111010111101011010101101010110101010101010101010101010101010101010101011010111111101111
1111111111111110101111011111101011010101010101101010111101011010101010101101010101010101010101010101010101010101010101010111101111111
11101111011011110110111101111110101101010110101011010110110101011010101010101010101101010101010101010101010101010101011010101111111
1111111111011110110111101111111010110101011010101111010111101011010101101010101010101010110101010101010101010101010101011110111111
1011101110111011101110111010101000000100000000000000000100000000000100010010001000110011010001001011100100001001
110101011110111111011011110101010101111010101010111101010101011010101010101010101010101111011
111111111110111111011011110101111010110101010101011010101010101101010101010110101010101010101010101010101010101010101010101011010111111101111
111111101111110111101011111101011010101101010010101111010100101011011010101010111101010101010110101010101010101010101011010111111011111111
11111110111111011111101111110101101010110101011010101111010111101011010101111010111101011010101010101010101010101010101010101111011111111111111110111101011110110111101011110101010101111010111101011110101101010111101010110101011010101010110101010101010101010101010110101111111111111111110110111101011110101111010101101010110101011010111101010110101010101111010110110101011010101010101010101010101010101101011111101111111011111101111110111111010111101011010101010101101011011110111111010110101011110101111010110101011110101010101010101010101111010110111101111111111111101111010111101011110110111101010101011110101111110111101011110101111010101010101101010110101010101010101010101010101011010111111
111111101111111011011110110111101011110101010101111010110101101111011011110101101010111101011110101010101010101010101010101010101011010111111
111111111111110101111010111101110111101010110101111010111101011110101111010101101010101010110101010101010101010101010101010101011110111111
1111111111111111011110110111101011110101011010101101011110101111010111101010110101011010101101010110101010101010101010101010101010110101111
1011101110111011101110111010101000000100000000000000000100000000000100010010001000110011010001001011100100001001
11010101111010101111010110101010101011010101011010101010101010101010101010111111101111111111111
11111110110111111011111101011010101010101111010111101011110101111010101010101010101010101010101010101010101010101111011011111110111111
11111110111111010111101101111010101101010110101111110110111101011010101111010111101011110101010101010101010101010101011110111111
11111110111111010111101011110101011110101010101101010110101011110101111010101010101101010110101010101010101010101010101010101010111101111110111111
1111111011011110101111011011110101010101010101011010101010101111010101101010101010101010110101010101011010101010101101010111111
1111111011111101111110101101010101101011110101011010111101010110101011010101101010101010101010101010101010101101010110101011111111111
1111111111011111101111010111101010110101011110101101010111101010110101011010101101010110101011010101010101010101010101010101011111111111111111111101111110111101010110101101101010110101011110101111010101101010110101011010101111010110101010101010101010101010110101011110111111111111111011110101111010111101010110101010101010110101101010101101010110101011110101111010111101010101010110101010101010101010010101111111011111111111110101101010111101011110101011010101101010110101011110101101010111101010110101011010101010101101010101010101010101010111111101111111011111101111110101111010111101010110101011010101101010110101011110101101010111101010110101011010101010101010101010101010101010101111110111111111111101011110101111011011110101010101011010101111010111101010101111
1011101110111011101110111010101000000100000000000000000100000000000100010010001000110011010001001011100100001001
111101010101111010100111011110101011110101010101010101010101010101011110111111110111111010111101011110101111010101101010101010111101010111101011110101111010101101010101010101101010101010101010101010101101011110111111111110111101011111101111111101111010101101010111101011110101111010111101010110101010101010101010101010101010101010101010111101101111110111111
1101111011111101011110101011010101010101101010111101011110101011010101101010110101010110101010101010101010101010101010110101111110111111101111110101111010111101011110101011010101101010111101011110101011010101101010110101010101010110101010111010101010101010101010110101111110101101010111101010011110111111010111101011110101111110111101010110101010101010101010110101010101010101010101010101010101011111101111111111111010101101010111101111110101010101111010101101010110101011010101011010100101010101010101010101010101010101010101101010111101111111111111010111111011111101011010101011010101101010110101011010101001010101010101101010101010101010101010101010101010101101010111111101111111
1111111010111101011110101011010101101010110101011010101011010101101010100101011010101010101010010101010101010101001010101101011111111111111111111110101111010111111010110101010101010101011110101001010101010101010101010101011010101010101010101010101011010101111011111111011111101111110101111010111101010101010101010101010101101010101010100101010110101011010101010101010101010101010101010110101111110111111
1011101110111011101110111010101000000100000000000000000100000000000100010010001000110011010001001011100100001001
111110101111010101010101010101010101010101010101011110111111110111111101111110101111110111111010110101010101011110101011110101010101011010101101010101101010101010101010101010101010101010101111110111111101111110110111111011011110110111101010110101010110101111010101111010101101010110101011110101010101010101010101010101010101010111111101111111
1111111010111101101111110101111010101010101101010111111011111101011010101011010101011010110101010110101010101010101010101010111101111111111011111101111110101111010111111010110101011110101111110101111010111101010111101011110101010101011110101010101010101010101011111101111111
1111111010111101011111101011010101111010111111011111101011110101010110101111010101101010110101010101010101010101010111101101111110111111111011111101111110101111011010110101011110101111010111101010111101010111101011010101111010101010101010101010101010101011010101111111011111111101111010111111011111101011110101101101010111101101011110110110101011110101010101010101010101010101010101010101010101011010111111101111111
110111101010110101101101010111101011111101011010101111010101010101010101010101010101010101011011010111111111
1111110111111010111101010111101101111010101010101111010111101011011010101101010101101010101010101010101010101010101010101010101011111110111111111111111011110101101111010110111101010101010110101011110101011010101010101011010101010101010101010101010101010101010101101011111111101111110111111010111101010111101010110101011010101111010101111010101010101101010101101010101111
1011101110111011101110111010101000000100000000000000000100000000000100010010001000110011010001001011100100001001
1111111011101111110111111010111101010110101010110101011010101010101010101010101010101010101010101010101010101010110101111110111111111111111101111111101111110110111101010110101010101010110101011110101011010101010101010101010101010101010101010101010101011110111111110111
111111011111110101111010111111010101010101010101011010101111010101010101010101011010101011010101010101010101010101010101011111110111111111
111111101011110110101111010110101010101010101101010111101010110101010110101010101010101010101010101010101010101010110111111
1111111011111111011110101011110101010101010110101011010101111010101111010101010101111010101101010101010101010101010101011010101111111
11111110110111101011111101011110101011010101010101011010101111010101111010101111010101010101101010101101010101010101010101010101111111
1111110110111101101111110110101101010101101010101101010101101011010101011010101111010101010101010101010101010101010101010111111
111111101101111010101111010101101010101010101111010111101010111101010110110101111010101010101101010101101010101010101010101111111
11111111011110110101111011011110101010101010111101011110101011110110111101010111101010111101010101010101010101010101010101011110111
11110110111101010111101101110111101010111101011111110111111011010110101010110101010101011110101010101111
1011101110111011101110111010101000000100000000000000000100000000000100010010001000110011010001001011100100001001
111111111011111101101111110101111010101011011011110110111111011011110101011110101010101010101010101010101010101010101011111101101111
1111101011011110110111101101011010101011010101011010101010101010101010101010101010111111011111
1110111111011111111101111111011010110101011111101011110101101111010110101010110101010111101010110101010101010101010101010101111111
11111110111011111101110111111011011110101011010101111110101111010111101010111101010111101010101010101010101010101010101011010101101111111
1111111011011111101101111010101010101101010101101010101111010101101010101101010101010101010101010101010101010101010111111011
11101111011011011110101101111010101010101111010110110101010110101011110101011010101010101010101010101010101010101011010111111
11111110101111110101111010101010101111011011011110101011010101111010101111010101111010101010101010101011010101111111
1111111011101111110110111111010111101011110101011111101101101010110111101011111101101111110110111101010110101010110101011110101111
11101111110101111010110111101011111101101111011011011110110111101010111111010111101010101010101101010110111011
11111111011111101101111110110101101011011110101011110101101111010111101010111101011011110101011010101011010101010101011010101111111
11110110111111010111101011011010101010101011010101011110101011010101011010101010101011010101010101010101010101111
1011101110111011101110111010101000000100000000000000000100000000000100010010001000110011010001001011100100001001
1111010111101101101111010110110101010101010111101010111111011011110101011110101101101010111101010110101010101010101010101101010111111
1111110111111011010110101011110110101010101011010101011110101011110101010110101011010101111010101010101010101010101010101010111111111011
1111111010111101101011110101011010101011110101011110101011110101011110101010101010101010101010101010101010101011010101111111
11111101101111011011010101101101010101111010101111011010111101010110101101111110110111101011110110101011010101010101011110101011110111
111111111101111111111111110101111010101111010111111011101111110110111101101101111010101010101010101010101010101010101010101111110111
11110101111110101111010110111101010111101010111101011110101011110101010110101010101010101010101010101010101010101010101101011111101101111110110111101010111101011110110101010101010110110111111010101001010101101010101101010101010101010101010101010101010101010101111111111111111
1111111010111111010111101010101101010111101011111101011110110101111010101111010101101010101010101010101010101010101010111111
111101101011110101011111101011010101011010101111010101111010101010101010101010110101010101010101010101010101010101011110101111111101111110101111011010111101010101010101010101010101010110101011110101011010101011010101011010101101010101111010101010101111010101011
1011101110111011101110111010101000000100000000000000000100000000000100010010001000110011010001001011100100001001
1011011110101011110101101011010101010101011011011111101101111010101011010101011010101011010101010101010101010101010101010101111111
11111111101111111010110101101011110101010101010110101010111101010101010101101010110101010111101010101010101010101010101010110101011110111
111111010101101101011110110101010101011010101111110101111010101111010111101010111101010110101010101010101010101010101011111101111111
11111110111111011011010111101101010101010101010101010101010101010101011010110111111011101111110110111101010111101011111101011011010101111010110111111011111101101111110110111111010101101010111101010101010101010101011110101111111101111110110111101010111101011011110101010101010111101011110101011110110101111110101111010101010101011010101010101010101010101010111111111
111111101011110101011110110101111010110111101010111101010111101010111101011110101010111101010110110101010101010101010101010101010101111111
1111111110111011110110111111010111111010101010101111011010111111011110101011011110101011110101011010101101010101010101010101010101010111111111
1111111111111010101111010111111010101101010111111010111111010111101101101111010101111010110101010101010101010101010101010101010111111011
11111110101111010110111101010111101011011110110111111011011110110101111010101111010101111010101010101010101010101010101010101111111
110111111011011111101101111110101111010101111010101010101010101010101010101010101111110111010101111
1011101110111011101110111010101000000100000000000000000100000000000100010010001000110011010001001011100100001001
1111111110110101111110111111011010101010111101011011110101101111010101111010101111010101111010101010101010101010101010101010111111111
1111111010101111010111111011010111101011110101011111101101111110101111010101011010101101010101010101010101010101010101010101111111
1110111101010111101011011110101010110101011010101111011011011110110101111011010111101010101010101010101010101010101010101111011101111111
110111101010101010101111010111111010101101010111101010110101010101010101010101010101010101010101111011
11111101101111010101111011010101010101101010111111010111101101011110101011110101011110101010110101010110101010101010101101011
11111101101110111101011011110101010101010101101011111101111110110111111011010111101101011110101010101010101010101010101010101011
11111111101011011110101111110101010101010110110110111111011011110110110111111011011110101101011011011010110101010101010101010111111111
11111101010110101010110101010101010101010101111010101111010101111010110111101101011110101011110101010101010101010101010101011110111011
11011110101011110101011010101011110101111110101111110110111111011011111101101111110110111101010101010101010101010101010101010111111011111
111101101111011010101111010111101010101010101111010101111110101111011010111101010101101101011110101010101010101010101010101011110111
111101101011110110101111010101010101010110101111110110111111011011111101101011110101011010101011110101010101010101010101011010111111111
1011101110111011101110111010101000000100000000000000000100000000000100010010001000110011010001001011100100001001
11110101010110100111010111111010101010101011110110111111011010111101010111101101011110110101111010101010101010101010101010101111011
1111111011010111101011011110101011110101011110101011110101101111011010111101010111111010101101010101101010101010101010101010111101011
111111011011111101111111101010101010111101101011111101101111110101111110101011010101011110101010101010101010101010101011110101111110111
11110110111101010111101010111101010111101010111101101101111011010111111010111101010101101010101010101010101010101010101010101111111
11011011111101101111110110111101010101101010111111011011111101010110101010111101010110101010110101010101010101010101011110101111110111
111111101101011110110111101010101111010101111011011011110101011110101011110101011110101010110101010101010101010101011010101111110111
1111111010101111010111111010101101010101111010101111010101111010101111010101111010101111010101010101010101010101010101111110101111110101111010101010101010110101010101010101010101111111101011110101011111101011110101011110101010110101010101010101010101111110111
111111011111101101101111110101010101011110110101111110101111110101011110101010110101010101010101101010101010101011010101111111
1111101101111110110111111011010111101010111101101011111101101111110101010101010101101010101010101010101010101010101010101111110111
1111111011010110101010111101010111101010111101101101111110110111111010111111011011011110101010110101010101010101010101011010101011110111
1011101110111011101110111010101000000100000000000000000100000000000100010010001000110011010001001011100100001001
1101010111101010101101010101111010101111011010111101101011110110101101111010101111010101010101010101010101010101111110110111
11111101110111111010111111010101101010101011010101111011010111101010111101101011110110101011110101010110101010101010101010101010101110111111111
111111011011110101010111101010101010101111010101111011011011110101011111101011011010101111010110101010101010101010101010101011110111
1111111010110111101010111101010101010101011110110110111111010111111010111111010101111010101111010101010101010101010101010110111111110111
1101110111111010101111010110101010101111011010111111011010111101101101111010101111011010111101010101010101010101010101010101111011111
1110111111011011111101101101111010101011010101011110101101111011010111111011010111101010101101010101010101010101010101010101010101111110111011111101101011110110101111110101010101010111101101011111101101111110110111111101101101111110101010110101010101010101010101010110110111111111
11111110101011110101011111101110111111011011111101101101111010101011011010101010101010101010101010101011110111
110110111111010111111011010101101010111101101101111110110101011011010110101010110101101010101010101010101010101010101010101011
11110110111111101011011111101101101011010111101101101111111101010111101010101101010111101010101010101010101010101010101010101001
1011101110111011101110111010101000000100000000000000000100000000000100010010001000110011010001001011100100001001
10101010101001010000010010100101010101010100101000100000101010101010101010101010001010101010101010100101
101001010101010100101000000000101010101010101010101000000000001010101010101010101010101010100010101010101010101000000010101011
10101001010010101010101010000000100010101001010101010101000000000001010101010101010101010101010001010101010101001
1010101001010101010100100000000000101010101010101010100000000000101010101010101010101000000010101010101010101010101010000000101001010101010101010100000001010101010101010101010000000101010101001010010101
101010100101010101010010000000000010001010101010101010000000001000101001010101010101010100010000000101010101010101010000000101010101010101001010100000000000001010100101010101010000000000010001010100101010101010000000000000001010101010101010101010001000001010101010100101001010000000000000001010101010101010101010000000000000101010101010101000000000000000101010101010101010101010100010101010101010101001010101
101010001000100101010101010100000000000001001010010101010101000000000000000100010010101010101010000000100010101010101010101010100001
100010101001010101010101000000010000000000010100101010101010010000000000000000010101010101010101010101010100010101010101010101000010000100010101010100101010101010000000000000001000101010101010000000000000000000001010101010101010101000000000101010101010101010101001000000001000100101010101010100000000000000010001010101010111
1011101110111011101110111010101000000100000000000000000100000000000100010010001000110011010001001011100100001001
111110100000000010010100101010001000100000000000100010101010101010101000100010101010101010010101010101010010001010100101010010100010000000000000001010010101010010000000000000000000101010101010101010100000101010101010101010101000010101
101010010101010010101000000000000001001010101001010000001000000000001010101010101010101000101010101010101010101010101010000000000010101000100101010101010000000000000000000101010101010100100000000000000001001010101010101000000000000010101010101010101010000001
10010100101010001000000001000010101010101010000000000000000000101010101010101000000000001010101010101010101010100010000000001010100101101010101010100000000000010100101010101010100000000000000000101010101010101000100000000000101010101010101010101000000010101010101001010010101010101000000001001010101010101010100000000000000010101010100101000100000000000101010101010101010101000100010101010101010101001010101
1000101001010010101010101010101000000010101010101010101010101000000000000010101010101010101010100000101010101010101010101001
1010100101010101010010001000000000101010101010101010101010100000000010101010101010101010001000101010101010101010101010010101
10101001010101010100000010000000101010101010101010100000000000001010101010101010101010001000000010101010101010101010100000010011
1010100101010101010010100000000010101010101010101010100000000000001010101010101010101001000000000001000101010101010101010100101
110100101000010101010101010101010100000000010101010010101010101010000000000000101010101010101010101010101010101010101010101001010101
101001010010101010101010101010100000001010101010101010101001010000001010010100101010101010101000101010101010101010101010100
101010010101010101010101010010100100010100101010101010101010101000001010101010101010101010101010000000101010100101
100101010101010101001000100101010010101010101010101010000000000010101010101010101010101010101000101001010010101
10010100101010101010000000001000101001010101010101010000000000000101010101010101010101010101010101010101010101
10100010100101010101010101000101010000010010101010101010101010100000000010101010101010101010101010101010101010101010101010101
101000000010010101010101010010101000000000001010101010101010101010101010101010101010101010101010101010000000101010101010101000101000001000000101010101
1101001010010000001010101001010101010101010100001001010010101010101010101010000000101010101010101010101010101010101010101010101
1010100101001010100101010000000000010010101010101010101010000000001010100101010101010101010100010101010101010101010101001
10010101010100101010010000001010101010101010101010110001010101010101010101010101010101010101010101010101010101010000000000010100101
10101010101010000000000010101010101010101001000000000000010101010101010101010100010101010101010101010101010100000000010101010100101
101010000000000000100101010101010101010100000000010101010101010101010101000100010101010101010101010101010101010101010101010101001
11101111111111111111110111101010110101011111101101010101101101101111010110101101010101010101010101010101010101010101010101101101111111
111111011010111101101101111110101010101101010111101011011111101011111101101011111101010111101010101010101010101010101010101101111
1110111111010111111010110111111011010111101010111111011011111111101101111110111011011110101010101101010101010101010101010101010101010110101101111110111
111111101010111101010110101101010101101101010111101101111110110101101111011010101011010101010101010101010101010101010101010101111110111
110111101011011011111101010110101010110111101011011111101101101111010101101011010101011010101010101010101010101010101010101111111
111111101101101111110111011111101010101111010101111110110101101010101111011010101010101010101010101010101010101010101010101010111101010111101010101010101010101010101010101010101010101010101010101010101010101010101111010101010101010101011010111111111
1111111110110111111110101011010101011110101010101010101010101010101010101011110110110111111111010110101101011011110110101011010101011010101011011110101010111101010111101010110101010101010101010101010101010101010101111111
111011110101011111101011011111101011111101010111111010110110101010101111010101010101010101010101101111111
111101101011111101010110101010101010101010101010101111010101010101010101010101010101010101010101010101010101010101011111111
1111111110110111111010101101111010101010101010111101010111111010101111010101011010101010110101010101010101010101010101101010101111111
111101101111110101011111101010101010101011110101011111101010111101010101111011010101111010101010101010101010101010111101011111111
111111110101111110101011110101010101010101101111010101111110101011110110101010110101010110101010101010101010101010101010101011111111011101111110101010111101010101010101010101010101010101010111101010101111011010101111010101101111010101010110101010101010101111111
1110111111011011011111101011111111010110111101010101010101010101010101111011011101111110111
11011110101011110101101101010101010110101010111111011010111111010101111110101101111010101010110101010101010101010101010101111011
110110111111011010111101010101010101010110110101011111101011011111101101111110101011011110101010110101010101010101010101010111111111
11010101101010101101010101010101010101111011010111111010101011110101011110101010101101010101010101010101010101010101010111111110111
1111110101011111101101101111110101010110101010111101010101111010101011010110101010110101010101010101010101010101010101011110110111
1111110101101111110101111110101010111101010110111101011011111101010111101010101111010101011010101010101010101010101010101111110111111111111
1111111111101101111110110111111010101010101011011111101011011111101010111101010101101010101010101010101010101010101010101111110111
1111111110101111111101010101010101111110101101111110101011110101010111101010101101010101010101010101010101010101010111111111
1111111110101111110110101010101010111111011011011111101010110101010101010101010101010101010101010101010101010101010111111111
11111110101101111110101011110101011011110101011111101010111101101010111101010101010101010101010101010101010101101010111111
11111111101101101111110101011110101011110110101101011110101011110101011010101010101010101010101010101010101010110101010111111
1101111111101101111110101011111101101101010101010111101010110110101010101101010101010101010101101010101010101010101010101011010111111
111111111010111111011010101101010101111010101111110110110111101101010111101010111101010110110101101010101101010101101010110111111
11010101010101010101010101010101010110101010101010101010101010111101101101111011010101101010101010101010111101101111
11111110101101111110101010101010101111010101111011010101010110101011110101011110101010101010101010101010101010101101111111
1101110111111010110111101101010110101010110101101010111111010101111010101111010101011110101010101010101010101010101010101011110111011111111
110111101010101011010101101111010110111101010111101011010111101010101011010101010101010101010101011111101110111111
111011111101101111110110101010101010101010101010101010101010101010101010111111011011101111110101011110101010111101010101010101011111101110111111011011011111101010111101010110110101010101010101010101010101010101101111110111
11101111011011011111101101010101010101111010110111111011011011111101010111101010110101010110101010101010101010101010101011110110111111110111
110111111011011011111101010111101010110101010101010101010101010101010101011111101101111111110111011111101010111101101101010110101101011110110101111110110110111101010101111011010111101010101010101010101010101010101010111111011
11101111110101111111101101011110101011111101101111111101101101111011010101111010101101010101010101010101010101010101010101111
1110111101010111111010110111111011010111101010111101101010111101010101010101010101010101010101010111101101111111110111
1111110111011111101110111111010101010110101011111101101111110110101101011010101101011010101011010101010101010101010101010101010111111
110110101111010101111110110111111110110110111101010110101101010101010101010101010101010101010101010111111111
111111111011011111111011011111101110101111010101101111011011010111101010111101010111111010101010110101010101010101010101010101010101111111
11111101110110111111011101111110101011110110101011110111010111101010101111010101010110101010101010101010101010101010101101011011011111111
1111110110111111011011011111101010101101010101011011011010111101010101010101010101010101010101010101010101010101010101011010110111111011011111110110101010110101011110101010101010101010110101011110101010111101010110101101010101111010101111010101101010101101111110111
11111111111101111111101010110101010111111011011101111011010110111111010101111010101011010101011110101010101010101101011011
11110101010101101101010101010101011110101010101101101011110110101011111101010101101101010101010101010101010101010110111111111
1111111110110111101101010111111010101010101010111101010111111010110111101101011111101010111101101010101011010101010101010111101010111111
1101101011110101010111101101010101101010101010101010111101010111101011011011110110101010110101010101010101010101010101010101101111110111
1111111110110111111011010111111010101010101010111111011010111111010101111110101101111010101011110101010101010101010101010101101010111111110111011111101101010111101010101010101010110101011011110110101111110110101111110101010110110101010110101010101010101010101010101111011011101111110111011011110110101011110101010101010101010101010101111010101111011010110111101010101010101010101010101010101010101010101101111
11111111101101111110110101010110101011111101101101111110101101111110101010111101010111101010101010101010101010101010101010111111110111
1111111110110110111111011010111101010101010110101011111101101011110110101011110110101011110110101010101010101010101010101010101101111110111
1101111110110101111111101101010101010101111011011011011111101011111101101011011110110101011110101010101010101010101010110101011011
1101111110110101011110110101111110110111011111101010111101101010101101101010101010101010101010101010101011111111111
11101101111110110111111110101010110110101011110110101101111110101011110110101010110101010110101010101010101010101010101010110110111
11111111101101101111110110101111010101011110101101111110110110110111101010101111010101010101010101010101010101010101010101010111111111
110110111111010111011111101010101011010101111110101011110101010110101101010101111010101010101010101010101010101010101111111
111011111101101111111101011011110101010101011010101111011011010110101101010101101010101010101010101010101010101010101011110110110111111111
1111111101101101111110111010110101101010101101010101011010101010101101010101010101010101010101010101010101010101010101010101111110111
111111110101111110101011011110101010101101010101111011010101010101010101010101010101010101010101010101010101010101101011111111
1111111011011111111111010101111011010101111110110111111011010101111010110110101101101010111101010101010101010101010101101111
1111111111101111111101010101011010101111110110110110111111011011010101101010101011010101010101010101010101010101011010111111
1101111010101011110101010111101101101010110110101010111101101010101101101010101010101010101010101011110111
1110111111010101111011011011010101101010101010101010111111010101111011011010101111011010110111101101010101010101010101010101111110111
1110111111011010101111110101010101010101011110101011011110101010111101101010111101101010101011010101010101010101010101010111111111
111111011011011110110110110111111010101010101010101111011010110101111010101101111010101011110101010101010101010101010101010101010111111
11111110110110111111010110101101010101010101101011011111101101011010110101010111101010101011010101010101010101010101010101111011011011111111111
111011111111010110111111011010101011010101111110110110110111111011011011110110101011110101010101111010101010101010101010101010111111111
11110111011111101011011111111010101101011010101111110110111011111111010101111010110101010110101011010101101010101010101010101010101111110111
111111110101111110110101101111110101010101101010111111011010110111101010101101011010101011010101010101010101010101010101010101011111111111
1101101011010101011110110101101111110101011110101011010110101010101001010101010101010101010101010101111110111
110111111110101011110101011011111101110110111101101011010111101010111001010101011110101010101010101010101010110111111111
1111010101010101010101011010101111011010101011110101010110101010101010101010101010101010101010110111111111
1111111011011011111101101010101101010110111101101101101111010101011110110101011010101010101010101010101010101010101010111111111
1101111111101101110111111011010101011011011011111101101101101111011010101111010101010101101010101010101010101010101010101010111111
11101101111110101111111101101010101101010111111011010111101101010101111010101010101010101011010101010101010101010101010111111
111011111101101101111110101011110101010101111011011011111101101010111101010101111010101010101010101010101010101010101011111111111
11101111111101101110111111010101010110101011011110110101011110101010111101010101010101010101010101010101010101010101010101111111
111101101111110110101101111010101010101010101111010110101111010101010110110101010101010101010101010101010101010101010110110111111111
1101111110110101101011010101010101010101111110110101111110101011111101010101111010101010101010101010101010101111011011
1101010101010101111011011011111111011011111101101010111111011010101010101010101010101010101010101111110111
111011011111101101101111110101010101101101010111101101101101111110110101101011011010101111011010101011010101010101010101010101010111111110111
11110110110110111101101101111110110101010111101010110111101101011011111101101011111101010101111010101010101010101010101010101011011011
11010101101010101011010110110111111011010110111101010101111011010101011011010101010101010101010101010111111110111
1111111110110110111111010110101111110101010101010101101111110110111111011010101111110110101011110101010101010101010101010101010110101011
110111111011010111111010101101011010101011010101010101010101010101010101011110110110111111110110110111111010101101111110101010101010101111011011010101111011010101111011010101101101011010101010101010101010101010101010101101111110110110111111011010101111110111
110110111101101010111111011011111111011011011111101101010111101010101010110101010101010101010101010101101111110111011111111
110110110111101101101101111110101010101101101011011111101011011111101011011011110110101011010101010101010101010101010101010101010101011111101101011
111011011110101011011111101101110111111110111011111111011010110111101101010101101010101010101010101010101101011
11111111101101010111101101101101111111101101101111010110101011110110101010101010101010101010101010101010111111111
11111110110110111111110101011010110110101111111101101101011110101011010111101010101011010101010101010101010101010101011110111
11101111110110111011011111101010101011011010101111110110101011111101010101011010101010101010101010101010101010101010101011011010110111111011011101101111010101010111101101010101011011010101111110110101111110110101011110110110101011110101010101011010101010101101010110101111011
11011110110101101111110110101010101010101111110110101011110101010101010101010101011010101010101010101010101010101011110111
1111111011110111010111111110101010101010101011110110101011111101010101011010101010101101010101010110101010101010101010111111111
11101111110110110110111111011010101011110101010111101101010101111010101010101101010101010110101010101010101010101101010101101111
11111111101101011011110101101010101010101010111101101010101011010101010111101010101010101010101010101010101010101010101111110111
111011111111011010111111011010101010110101010111111110101111010110110101111110110110101111110110101010110101010101011110101011
1101101010101010110101111011010110111111010101101111011011010110111111010101010110110101010101010101010111111111
11010101111110110101010101010101010101010101010111101101011101111111101101110110111101101011011011110110101010101010101011010111101010101111011010101010111101010101010101010101010101010101010101010110111111110111
111011011111101101101101111110101010101011010101010111111011010101111110110101010111101101010110101010101010101010101010101011010111011
111011011111101101101101011111101010101011110101011011111101101101011011110110101010110101101010101010110101010101010101010101011110111
1110111111111101101101111111101101011011110101010101111110110101101111110110101101011110110101010101011010101010101010101010101010101010111111110110111
1101011110101010101111110110110110111101101101101101101011010101010101101010101010101010101010101010101011111111
111111111110110110111111110110101010111101010101111110110110101011110110101010111111010101010101101010101010101010101010101011011011111111
11101111111101101101101111110101010101101011010101101111111101101010101101010101010101010101010101010101010101010101010111111110111
111111111110111010111111110101110110110111101010101011110110110110110111111011010101101111011010101011110101010101010101010101010101010110111111
110110101101111011011010101010101010101011110110101010101111010101010111101010101010101010101010101010101010101010101011111111111
11111101010101101111010110110110111111011010101011110110101010101010110101010101010101010101010101010111111110111
111011111111110110111011110110101010110111101101010101111110101010110111101010101010101010101010101010101010101011011010111
1111111011011011011011111111011010101111110110101011111111010101011110110101010101011010101010101010101010101010101010111111110111
111011011110101010101111011110101101101111011010101010111101010101011010101010101010101010101010101010111011
1111111110110110110111111011010101010110101010101111011010101011010110101010101010110101010101111010101010101010101010101111011011011
111011111111011010101111110101010101111010101011011110110101010101011010101010101101101010110101010101010101010101010101111011111
111011111111110110110111111011011010110111101010101010101101101010110111101010101010110110101010101011010101010101010101010101010101010110111111111
11111101101010101111011011010101111010101010111101101101010111101101010101111011011010101101111010101010101010101010101011011010111111
111111101101101011111101101010101010101010101010101010101010101010101010101010101010101010101011110110111
11101111111101101010101101101010110111111110110110101111010110110101111011010101011010110101010101010101010101011011010111
111011111111011011011011111101010101011010110101011111111110110101111111101101101101111011010101010110101010101010101010101011110111
11101111110110101101101111010101011010111101010111101111010110110101111011010101011110101010101010101010101010101010101111110111
110110101011010101010101010100010001000101000101000101000001000001000100010000010001010100010001010101010101010101010101010100101001010101
10100101010000000101010010000101001010000000100101010100000101010101010101010101010101010101000101010100101
110000010101010100000001001010101000000000101010101010001010101010101010101010101010101010101010101010000000100101001
101001010101000010000010101010010100000101010101000000000101010101010000010101010101010100010101010100101
1101001010100101010010100000101010100010000010010101010100000001010101010100010001010101010101000101010101010101010001010100101
10010101010000000101001010101010000010101010101000000010010101010100000001010101010100000101010101010101000101010101010000011
1010010101010100000000010101001010010000010101010000100000101010101000100010101010101010001010101010100101
11000001010101010000000000010101010100000001010101010000000001010101010100010101010101010100010101010100101
1001010100100000010010101010100010101010101010000000001010101000000000101010101010000000101010101010101010101010101010001011
100101010101010000000101010101001000010010101010100000100101010101010000010101010101010101010101010100101
1100101000001010010101010000000101010101010100000101001010101010000000101010101000000010010101010101010101010101010101000001011
0010101010000000101010101010100000001010101010000000101010101010100000101010101010101010101010101001
1010010101010101000101010101010010010001001010101000000000101010101010000000101010101010101010101010101010000011
110000010101010100100000101010101010100000100101010100100001000010101010100000000010101010101010001010101010101010001010101010010101
110101001000010010101010101000000010101010100001000010010101010010000101001010101010000000101010101010100010101010100101
1100010101010100100000101010101010101000000010010101010000000001010101010100000101010101010101010101010101010100000000010010100101
1010010101010100000000010101010000000001010101010100000101010101010101010101010101010101000001010101001
1010101001010010000000001010101010010000100101010100100010001010101010100000001010101010101000101010101010100000001011
10101010100100001001010101010000000100101010101010000010101010101010101010101010101010100010101010100101
100101001010100101001010101010000010100101010010100000000010101010101000000010101010101010001010101010101000101010101010100101
101001010100100000000010101010101010000000001010101010000000101010101010101000101010101010101010101010101010100101
101010010101010101000000010101010010100001001010101010100000001010101010101010100010101010101010001000101010101001
101010010101010100000001010101010000000001001010101010100000101010101010100000101010101010101010100000101010101001
10101010010101010100000001010101010010000000001010101010100000001010101010101010101010101010101010000010101001
101001010101000000000101010100101000000010101010101000000000101010101010000000101010101010101000001001010010101
10101001010101010000000001010101000100000001010101010101000001010101010101000100010101010101010100000001001
10100101010100100001001010101010101000000010100101010100000000010001010101010000000101010101010100010101010101010010001
1001010100101000000000101010101010100000001001010101010100000001010101010100000000010101010101010000010101010101001
1101010010100001000100101010101010001010101010101000000000101010101010000000101010101010101010101010101010101010000000101010101001
1010010101010101000000010010101010100000000000101010101010000000101010101010101010101010101010101001000011
10001001010101001000000000001010101010100100001001010101010101000001010101010101010001010101010101010101010101010101010100101
1000101001010101010100000100101010101010100000000010010101001010010000101001010101010000000000010101010101010101010101010101010100101
1001010101010100000000010101010100101001010100101010101000000000001010101010101000001010101010101010100000101010101001
10001001010101010100100101010010101010000000001001010101010100000000010101010101010101010101010101010100101
101001010101010000000001001010101010101000000010010101010101000000000101010101010101010101010101010101010010011
1010100101010101000000000100101010100101000000100101010101010000000001010101010101010101010101010101010101000001011
101010010101001010100100000001010101010010101000000000101010101010000000101010101010101010101010101010101010100001
10100101010101010100100000010010101010101010000000101010101010101010001010101010101010101000001010010101001
10100101010101010100000001001010101010100000000000101010101010100010001000101010101010100000001010010101001
1000010101010101010000000100101010101010100000000010101010101010101000001010101010101010101000100010101001
100000000101010101010100000100010010101010100010000010010101010101000100000101010101010101010000010001010101001
100001010101010101010100000001001010101010101000000000101010101010101000001010101010101010100000001011
110000000101010101010100100000000010101010101010000000000010101010101010101000101010101010101001
10100101000000101001010101010101000000010101010101010000000000010100101010101010000010000101010101010101000101010101010100101
10010101010100000000010010101010101010100010101010101010101010000000101010101010101000000000101010101010101010101010101010101010010011
1010010101010010101001010010100101010101000000010001010101010101010000010001010010010100101
101010010100101010010100000000010101010101001000100000010010101010101010000000001010101010101010101010101010101010101010000100101011
10100101001010000001010100101010101010000000000010010101010101010000000001010101010101010000000101010101010101010101000101010101010100101
1010010100101010101000000000001001010101010101000000000100101010101010101010001010101010101010101010001000101001010100101
101010101010100000001010010101010101010001000100101010101010101000001010101010101010101000100010101010100101001
101010010101010010101000001010101010101010000100001000010101010101010100000001010101010101010101010101010101010101010000001
1010100100101010010001010100101010101000100000000010101010101010000000001010101010101010100000001010101010101010101000001010101010100101
10000101010101010101001010000010101010101010001000000010101010101010101000101010101010101010000001
1001010010101010100000000000101010101010001000000000101001010101010100000001010101010101010101000101010101010101001
101010010101010101000000000001010101010101010100000101010101010101000101010101010101010101000000010101010010101
10101010010101010101000100000101010101010101000100000100010101010101010000000001010101010101010100010101010101010100101
1010010101010101010100000000010010101010101010100000001010101010101010000000100010101010101010100001
10010101010101000000010000101010101001000100001010100101010101010001010001010101010101010100000001010101010100101
10000101010101010101001000100101010100101010101000000000100010010101010101010000010101010101010101001
1101010000100101010101010100000000000101010101010101000000010101010101010100000001010101010101010101000101010101010101001
1010100101010100101000000010010101010101010100000001010010101010101010000000101010101010100000000010101010101010101010001010101010101001
101010101010000010010100101010101010000000001010101010101010000000001010101010101010101010101010101010100101
10000101010101010101010010000101001010101010101000000010010101010101010100010101010101010101010100000001001010101001
1010101010010101010010101000001010101010101010000000000010001010101010100000000010101010101010101010101010101010101010010000101010100101010100100010010101010010101010100000000010101010101000100000000000101010101010100000001010101010101010101010101010101010101001
10010101010101010100100001010100101010101010010000000101010101010101000101010101010101010101000000010001010
110100000001000101010100101010100001010010101010101010100000001010101010101010101010101010101010101001
101010100101010101010010010101010100101010000101000000010010100101010101000000010101010101010101010100010101010010010101
1100000001010101010101000000000001010101010101000000000001010101010101010101010101010101010101010000010101011
100010101010010101010101000000000101010101001010100000001010101010101010000010101010101010101010101010101010101010100101
101000010101010101010000000100010010101010100000100010010101010101000100010001010101010101010000000001010101001
11010100000001010101010101001010100010001001010101010100000000010010101010101010100000101010101010101001
1010000100000010101010101010100000000000101010101010000000001001010101010101010000010101010101010101010100010101010101001
1010100101010100000000000101010101010101000000000101010101010101000101000100101010101000000000000010101010101010100000001011
1010101001010101001010100000001010101010100101000000000101010101010101010000000001010101010101010101010101010101010100101
101010010101001010000001010010101010101010000000001000010101010101010000000100001010101010101010101010101010101010101010100000001011
10000010100101010101010100000000010010101010101010000000001010010101010100100000000001001010101010101010000000001010010101001010101
10101001010101010100100000000010101010101010010011000010010101010101001000000000010010101010101000000010101010101010101001
11001010101010010101010101000000010100101010101001010100001000010101010101010101010101010101010101010101010101010101010101010010101
10101001010101001010000000001010101010101001001010101001010101010101000000000000010101010101010101010101010101010101010000001
101010101001010101001010000000101001010101010101000000000101001010101010101000000000100101010101010101010101010101010101010101010000000101001010101001
10101010010101010100100101010100101010101010101000001010100101010101010000000000010010101010101010101010001010101010101010101001
10101010100101001001010001000001001010010101010100101000000000100101010101010101000000000101010101010101010101010000000101
100101010101010100000100001010010101010100100000010101001010101010101010100010101010101010101010101010001010100101010100101
101001010101010100100010000000101010101010101001000000101001010101010101010001000001000101010101010101010100010101010101010010101
10101001010101010010000000001010101010101010100000000010010101010101010101000100010101010101010101010101010001010101010101010100101
1010100101010101010101010101010101010101010101010100000101010101010101010101000000010101010101010101010101010000010100101010101
1010101001010101010101010100000101010101010101010000000000010101010101010101010000010001010101010101010101000000000101011
1010101001010101010101010100000100101001010101010101000000000001010101010101010001000000010101010101010101010000000001011
110010101010100101010101010100000000000101010101010101000000000001001010101010010100000000000101010101010101010000000101011
100101010101000000000101010010101010101010101000001010100101010101010100010000000000010010101010101010101010001010101010101010100101
10101010010101010100101000000010101010101010101010000000001000010101010101010100000000000001010101010101010101010101010101010101010010101
101010010101010101010000000000000101010101010101000000010001001010101010101010101010101010101010101010101010101010101010110101101111111111111111111111111111011011011111110111101101010101010101010101111011011010110101010101010101011010101010101010101010101010101010110101011111101111110111
1111111010111101101101111110101010110101010110101011111101011011110101011110101010111101010101010101010101010101010101011110111111111111
11011110110110111111110110101101101011110110111011111101101101111011101011110101101011110101010110101010101010101010101010110110101111110111
111101101111011010111111011011111111011101111110110111111011011111101101011010110101010101010101010101010110111
11111110110101101011011111101101010101101010111101101101111011010111011011011010110101010101101010101010101010101010101010101011011011111101101111111110110111101101010111101010101101010111101010111101101011010101010101010101010101010101010101010101010101010101011010101111110111
11010111101101011110110110101010101011110101011110110101010110101010101010101010101111010101010110101010101010101010111111111
1111111010101111010111111010110111101101011010110101011110101011110110101111010101010101010101010101111111
1111110101111110101111110110111111011011101111110110111111110110111101010111101101011110101010101010110101111011
111011111101010101010101111010111111011010111101010101111010101101010101010101010101010101010101010110110110111111111
1110111101101011110101101111110101010101010101011010101111010101010101010101101010101010101010101010101010101010101010101010111101101011111101010111101010111101010101010101010101010101011010101010101010110101010110101010101010101010101010101010101010101011011010111111011010111101010101010101010101010101010101010101010110101010101010101011010101010101010101010101010101010101010101010110111101101101111010101111010101010101010101010101011010101111010110111101010111101101101010101010101101101010101010101010101010101010111111011011
1111111011111101101011110110111011110110101010110110111111011011111110110111011111101101111111110111111010110111101010101101010101010101011110111
111111111011011111101010101010101010101010101010101010101011110101101111110110111111010110101101101010101010101010101101111011011111101101101010110110101010100010101010101010101010101010101010101010001000100010000010010001010101010100000001000101010101010101010101010100000000000000100010101010101010101010101010101010101010101010101010000010001001010010101010101010101000000010000101010101010101010101000000010000010101010101010101010101010000010101010101010101010101010001001
1010101010010000000010001001010101010101010101000000000001010101010101010101010000000000010101010101010101010101000000011
10001010100101001010101010101010100010101010101010101010101010101010100000001001010010100
1010100101010101010101010000000000010101010101010101010101000101000101010101010101010101010101000100010101010010101001010101000000000100101010101010101010101000101010101010101010101010101010001010101010101010101010101010101010101010101010101001010101
10100101010101010101000001000101010101010101010101000000000000000101010101010101010000000001010101010101010101010100000001011
101001010101010100000000000001001010101010101010000000001000100101010101010101001010001000100001010101010101010101010000000001010101001010100101
1010101010010101010101010101000000000001010010101010101010001001000010000101010101010101010101000001010101010101010100101
101010100101010101010100000000000101010101010101010010100000000000101010101010101010101000001010101010101010101010100000001010101001010101010010000000010100101001010101010101010000000001010010101010101010010000000000001001010101010101010101000100010101010101010101
10101001010101010101001000001000100010101010101010010100000000010001001010101010101000000000001010101010101010101010100000101010010100101010010101000010001010010101010101010000000100010010100101010101010010000101010100101010101010101000001010101010101010101010100101
110010101010101000001010010101010101010100000000010101001010101010101000100000000010010101010101010101010101010101010101010100101001
11001000000000101010101010101010101000000000001010101010101001000000000000010101010101010101010000000001010101001
1010101001010010101010010000000010101001010101010010100000000010010101010101010101000101010001010101010101010100000101011
101010100101001010101010100000100010100101010101010100000000000101010101010101010100010101010101010101010100000001011
1010101010100101010101010000000101001010101010101000100000001010101010101010101010001010101010101010101010100010001010101001010100101010100101010101010010101000000000101010101010101000000000101010101010101010101000101010101010101010101010101010101010101001
11000000010101010101010100100000000010101010101010101000000000101010101010101010101010101010101010101001
100010101001010101010101000000000100010010101010101010000000101010101010101010101010101010101010101010101000001011
1100101001010000000101001010101010101010100000001010101010101010000000001010101010101010101000001010101010101010101010000010101010010101
110100000010100101010101010101010000010101010101010101010000000101010101010101010000000101010101010101010101010101010101010100101
1000101010010101010101010000000001001010101010101000000000100101010101010101000000010101010101010101000100010101010101010101000001010101010
1010100101010100100001000101001010101010101000101010101010101010101000000010100101010101001000000000101010101010101010101010101010101010101001000010001000010100101010010100000000000101010101010101010001010101010101001
10001010101010010101000100000001010100101010101001000010101010010101010101000000000101010101010101010000010101010101001
10101010010101010101000000010101001010101010100000000000101010101010101010101010101010101010101010000010101010010101010100000000010101001010101010100000000010101010101010100000000010101010101010101010101010101010101010101010101010101010101010100000101010010100101010101000000000101010101010101010100000001010101010101010100010001010101010101010101010101010101010101010100000001010100101010100001001010101010100101010101010000000101001010101010001000000000100101010101010000000000010101010101010100000000000101010
1010101001010101000000000101001010101010101000000000101010101010101010100010101010101010101010101010101010101010010101
10101001010101010101000000000101010101010101010100000100101010101010101010001010101010101010101010101010101010101010101000001010101001010010101
110010001010100101010101010100000001010101010101010000000100101010101010101010000010101010101010101010001010101010101001
10100101010101010000000001010010101010101000000010010101010101010100000001010101010101010100000001000010100101
100010010101010101010000000101010010101010100000100010010100101010101010000000101010101010101010000000101011
1010010101010010100000000010101010101001010010101001010101010100000001010100101010101000100000101010101010101010001001
100010010101010101010000000001010101010101000000000001010010101010100000001000010101010101010101000101010101010101001001010101001010010100100010101010101010101010101010001010101010101010101000001010101010101010101010101010101010101010101010101010101010101010100000001010101010101010100010101010101010101010000000100101010101010000000100101010101010100000000000101010101010101010001000101010101001010000101010010101010101010000000101010101010101000000010010100101010101000000000001010101010101010000010101010101010101010100000101001010101001
10000010101010010101001010000000000010101010101010101010101010101010101000001010101010010101
11001010101001010101001010000101010100101010101000000000101010101010101010001010101010101010100000001010010101001
11010100001010010101010000000000000101010101010100000001001010101010101010100000101010101010101010101010101010101010101010001010101001010101000010010101010101001000000010101010101010100000000010101010101010101010101010101010101010101010101010101010101010101010101010101000000000001010101010101000000010101010101010101010001010101010101010101010101010101010101010101010101010101010101010101010101010101001010010101010010101010100000000010101010101010100000100001010101010101010000010101010101010100010101010101010101010100000001001010101
10100101010101000000010101010010101010100100001000100101010101010000000000010101010101010001000101010
10000010010101010100000000000001010101010101010101010101010101010001000001010100101010101000000000101010101010101010101010101010101010100010101010101010101010101010101010101010101010101010101010101010101010100010101010101010101010101010101010101010101010101010101010101010101010101010101010101010101010101010101010101011101010101010101010101010000010101010101010100000101010101010101010001010101010101010100000001010101010101010000000001010101010101010100010101010101010101001001011
10101010010101000100000000000101010101010100000100010010101010101010100000100010101010101010101010101010101010101010001000001001010010101010001000001010010100101010101000000010101010010101
1010100101001010010100000000000101010101001000000000000010101010101010101000101010101010101010101010101010101010101010000000101010010101010101000000010100101010101010101000000010010101010101010100010101010101010101010100010101010101010101000100010001010101010010101
100010101001010101010100000000000101010101010100000000000101010101010101010101000101010101010101010101010101010101010101000010011
10101010010101001010000000101001010101010101010000000001001010101010101010000000001010101010101010101010101010101010101010101000101010100101001001010010101
1000101001010101010101010100000000000101010101010101000000000001010101010101010000010101010101010101010100000001011
101010100101010101010100000000010001001010101010100000000000100101010101010101000100000101010101010101010101000001011
100000001010010101010101010100000000000101010101010101010101000000010101010101010101010101000101010101010101010101001
101010010101010010101010101010101010101010101010101010101000000010101010101010101010101000100010101010101010101010100000001011
101010000001010101010101010101001000000000000101001010101010101010101010101000000010101010101010101
101010100101010101010101010101010101001000000101010100101010101010101010100101000100010000010101010101010101010101010101001
1010101001010010101010101010101010100000000000101010100101001010101010101010001010100000000000101010101010101010101010101001
1010100010101010010101010101010101010101010101000100010001010101010101010100101010101010010100100000000000010001001010101010101010101010100100010000000000001000100101010101010101010101010101010101010100010100010101001010101010101010101010000000000000000010101010101010101010101010101010101010101000100000001010101010101010101010101010101010101010001000000000000010101010101010101010101010101010101010000000000000101010101010101010101010101010101010101010101010101010101010101010101010100101001010000000000000010001010000001010101010101010101010101001010010000000000001000010101010101010101010101010101010101010000000001010101010101001010101010101010101000100010000000000000001010101010101010101010101010101010101010101010101010101010101010101010101010101010100101001
10101001010101010101010101010101010001010100010000000000010001010101010101010101010101010101110101011101010101010101010101010101010101010101010100010101010101010101010101010101010101010100000000000000000101010101010101010101010101010101010100000000011
1010100101010101001010101010101010101010101000101000000010101010101010101010101010101010101010101010000000000000001010000101010101010101010101010101010101010000000000000101010101010101010101010101010101010100000001000100010001010101001010101101
100010001010101000000101010101010101010101010101001001000000000001010101010100101010101010101010101010101010001000000000001011
1010010101010101010101010101010101010100000000000001000010101010101010101010101010101001010101000101010101010101000101010101010101010101010101010100101000100010001010101010101010101010101010101010101010101010101000100000101010101010101010101010101010101010001000100000000000001000101010101010101010101010101010100010001000000000100010101010101010101010101010101010101010101010101010101010101010101010101010101010101010101010100010101000100010001000101001010010101010101010101010101010101010101010001010101010001010101010101010010100101001
110100101010100000001010000000000100010100101010101010101010101010100000000000000000000010000010101010101010101010101010010001
110101000100010001000100010101010101010101010101010101010101010101010101010101010101010101010101010101010101010101010101010101010100000001000101010101010010101010101010101010101010101010101010101010101010101010101010101010101010101010101
1010101000010101010101010101010101010101010101010101010101010101010101010101010101010101010101010101010101010101010101010101010101010000000000010101000100010100101010101010101010101010101010101000100010001000100010001010101010101010101010101010101010010100101010100010001000000000000000100010101010101010101010101010101010101010101000100010001000000000000000001010010100010101010
110101000000000000000000000001000001010101010101010101010101010101010101010101001010101010101010101000101010101010101010101010101010101010101010101010101010101010101010101010101010101010101010101010000000001010101010101010100101010101010101010101010101010101010101010101010101010101010101
10101001010010101010101010101010101010101010101010101010101010101010101010101010101010101010101010101010101010101010100010000000100001010010101010101010101010101010101010101010101010101010101010101010101010101010101010101010101010101010101010101010101010001010101010101010100101010101010101010101010101010101010101010101010101010101010001000101000101010001010101010101010100010101010101010101011
1010010100101010101010010101010010101010101010101010101010101010101010101010101010101010101010101010101010101010101010101010101010101010101010101010101010101010100010001000101010001010101010101010101010101010101010101010101010101010101010101010100101010101010101010101010101010101010001000000001
010100101001010010100101001010101010101010101010101010101010101010101010101010101010101010101010101010101010101010101010101001
101010101000101010101000100000000001010001010101010010101010010101010101010101010101010101010101010101010101010101010100101
11000000000010000000000010101010101010001000101010010101010101010101010101010101010101010101010101001010101001
110101010101010101010101010000000000000000000000000010000000000100010101010101010101010101010101010101010101010101010100000000000000010000010000000001010101010101001010101010101010101010101010101010101010101010101010101000000010000000000000100000101010101010101010101010101010101010101010101001010101010101010101000100000000000100000000010101010101010101010101010101010101010101010101010101010101010100101
10001010101010001000000101010100101010100101010101010101010101010101010101010101010101010101010101000100010101011
1010100101010101010010101010101010101010101010100000001000100000000000000000001001010010101010101010101010101010101010101010101010100101000100000000000100010101000010101010101010101010101010101010101010101010101010101010101010100010101010101010101010101010101010100101010101010101010101010101010101010100010000000000000001000000000000101010101010101010101010101010101010101010101000100000001000100010101010101010010101010101010101010101010100000000000000000001000100010101010101010101010010101010101010101010100010000000000011
